0
8136120
2005510758
0
0
4199040
4371904
0
0
4199040
4371904
0
0
8136120
2005510758
0
0
25859624
1730308786
0
0
28869360
4024137244
0
0
28869360
4024137244
0
0
25859624
1730308786
0
0
134269016
354298958
0
0
138327328
2648127400
0
0
138327328
2648127400
0
0
134269016
354298958
0
0
687260488
2064184378
0
0
683520016
63045460
0
0
683520016
63045460
0
0
687260488
2064184378
0
0
3432032760
2023676758
0
0
3425081024
22537904
0
0
3425081024
22537904
0
0
3432032760
2023676758
0
0
4258474856
1821138786
0
0
4254406704
4114967164
0
0
4254406704
4114967164
0
0
4258474856
1821138786
0
0
4104630936
808448798
0
0
4100300640
3102277176
0
0
4100300640
3102277176
0
0
4104630936
808448798
0
0
3338425992
39966154
0
0
3330294608
2333794532
0
0
3330294608
2333794532
0
0
3338425992
39966154
0
0
3786902072
492520230
0
0
3782833920
2786348608
0
0
3782833920
2786348608
0
0
3786902072
492520230
0
